1	2015084	2015-07-21	15,18,20,22,28,29\15
2	2015083	2015-07-19	06,07,16,18,29,32\05
3	2015082	2015-07-16	02,08,09,14,28,30\07
4	2015081	2015-07-14	13,20,22,26,28,31\13
5	2015080	2015-07-12	14,17,25,27,28,30\02
6	2015079	2015-07-09	09,14,15,20,26,32\11
7	2015078	2015-07-07	03,07,20,22,26,29\02
8	2015077	2015-07-05	01,06,08,10,13,27\16
9	2015076	2015-07-02	01,09,10,19,23,27\09
10	2015075	2015-06-30	06,11,13,19,21,32\04
11	2015074	2015-06-28	04,07,21,25,26,29\08
12	2015073	2015-06-25	01,02,17,22,26,27\04
13	2015072	2015-06-23	01,03,05,20,21,31\05
14	2015071	2015-06-21	08,18,20,28,29,31\08
15	2015070	2015-06-18	01,07,13,19,21,29\15
16	2015069	2015-06-16	01,13,17,18,23,30\15
17	2015068	2015-06-14	06,15,18,21,26,27\10
18	2015067	2015-06-11	02,05,08,24,25,31\14
19	2015066	2015-06-09	05,08,11,17,24,28\16
20	2015065	2015-06-07	08,10,14,19,26,29\12
21	2015064	2015-06-04	11,12,14,17,23,27\01
22	2015063	2015-06-02	01,07,09,16,22,32\12
23	2015062	2015-05-31	09,14,15,18,21,26\16
24	2015061	2015-05-28	06,18,22,26,32,33\04
25	2015060	2015-05-26	01,03,18,27,31,32\13
26	2015059	2015-05-24	02,06,09,16,25,32\14
27	2015058	2015-05-21	02,09,10,18,19,20\15
28	2015057	2015-05-19	09,20,24,25,26,32\04
29	2015056	2015-05-17	01,07,08,16,18,20\14
30	2015055	2015-05-14	01,10,15,18,19,28\02
31	2015054	2015-05-12	01,02,07,10,22,26\07
32	2015053	2015-05-10	03,07,17,22,32,33\10
33	2015052	2015-05-07	02,04,11,16,25,26\12
34	2015051	2015-05-05	04,10,24,26,28,32\09
35	2015050	2015-05-03	03,09,12,16,17,31\04
36	2015049	2015-04-30	07,12,14,17,20,23\05
37	2015048	2015-04-28	13,16,17,22,25,27\10
38	2015047	2015-04-26	02,03,20,24,26,27\09
39	2015046	2015-04-23	05,07,10,14,23,31\01
40	2015045	2015-04-21	01,05,13,22,30,31\07
41	2015044	2015-04-19	02,03,04,13,14,16\02
42	2015043	2015-04-16	11,12,15,24,26,27\15
43	2015042	2015-04-14	09,10,19,21,23,32\08
44	2015041	2015-04-12	04,09,11,17,21,25\06
45	2015040	2015-04-09	13,16,18,27,30,32\16
46	2015039	2015-04-07	01,13,15,26,29,30\12
47	2015038	2015-04-05	05,06,11,12,14,33\14
48	2015037	2015-04-02	05,07,12,18,28,31\03
49	2015036	2015-03-31	04,06,16,17,26,33\03
50	2015035	2015-03-29	01,08,09,22,24,33\03
51	2015034	2015-03-26	12,13,17,18,20,27\13
52	2015033	2015-03-24	03,06,21,29,31,32\05
53	2015032	2015-03-22	11,14,16,18,29,32\16
54	2015031	2015-03-19	01,05,07,22,26,32\11
55	2015030	2015-03-17	08,11,14,15,16,26\07
56	2015029	2015-03-15	07,14,15,19,21,28\07
57	2015028	2015-03-12	04,07,10,26,27,28\14
58	2015027	2015-03-10	05,07,09,16,26,29\07
59	2015026	2015-03-08	02,13,17,21,22,33\13
60	2015025	2015-03-05	10,11,12,15,27,32\14
61	2015024	2015-03-03	09,11,16,18,23,24\10
62	2015023	2015-03-01	08,09,10,13,29,30\01
63	2015022	2015-02-26	04,07,10,16,23,25\10
64	2015021	2015-02-17	14,15,16,17,27,28\08
65	2015020	2015-02-15	01,04,07,19,22,23\04
66	2015019	2015-02-12	02,06,11,19,25,26\04
67	2015018	2015-02-10	06,09,12,14,28,29\09
68	2015017	2015-02-08	13,18,20,25,27,33\12
69	2015016	2015-02-05	02,06,10,15,17,31\13
70	2015015	2015-02-03	01,07,20,24,25,33\04
71	2015014	2015-02-01	02,12,16,19,27,30\11
72	2015013	2015-01-29	08,09,24,25,26,29\01
73	2015012	2015-01-27	03,05,22,23,29,31\06
74	2015011	2015-01-25	04,14,15,17,18,20\15
75	2015010	2015-01-22	01,02,03,08,21,31\09,05
76	2015009	2015-01-20	04,07,14,17,21,25\14,13
77	2015008	2015-01-18	04,07,10,16,20,22\03,16
78	2015007	2015-01-15	01,07,09,17,20,33\08,07
79	2015006	2015-01-13	01,10,11,29,31,33\13,09
80	2015005	2015-01-11	07,10,16,17,18,32\15,01
81	2015004	2015-01-08	02,14,15,16,23,24\10,04
82	2015003	2015-01-06	10,15,20,23,24,31\15,11
83	2015002	2015-01-04	07,15,16,25,28,32\05,08
84	2015001	2015-01-01	01,07,09,16,20,23\06,01
85	2014152	2014-12-30	08,13,15,20,21,25\12,02
86	2014151	2014-12-28	04,05,08,11,21,27\08,01
87	2014150	2014-12-25	03,08,14,22,24,32\09,14
88	2014149	2014-12-23	07,09,10,15,19,33\01,05
89	2014148	2014-12-21	01,02,05,12,15,16\13,01
90	2014147	2014-12-18	06,07,22,26,31,32\10,07
91	2014146	2014-12-16	01,06,13,20,29,32\01,02
92	2014145	2014-12-14	10,12,13,23,26,29\11,13
93	2014144	2014-12-11	03,05,06,09,10,27\14,15
94	2014143	2014-12-09	03,12,18,20,25,26\16
95	2014142	2014-12-07	06,21,22,23,25,28\13
96	2014141	2014-12-04	08,09,11,16,21,24\10
97	2014140	2014-12-02	06,10,11,14,17,33\06
98	2014139	2014-11-30	01,14,15,20,25,29\11
99	2014138	2014-11-27	04,06,13,29,31,33\13
100	2014137	2014-11-25	03,06,09,11,25,29\09
101	2014136	2014-11-23	03,16,19,27,31,32\10
102	2014135	2014-11-20	02,04,11,13,25,33\01
103	2014134	2014-11-18	05,16,22,23,26,28\02
104	2014133	2014-11-16	13,14,16,23,30,31\13
105	2014132	2014-11-13	05,06,14,15,18,33\08
106	2014131	2014-11-11	05,17,21,22,28,32\14
107	2014130	2014-11-09	01,02,10,24,30,33\10
108	2014129	2014-11-06	05,08,09,20,28,32\02
109	2014128	2014-11-04	05,07,08,17,18,24\14
110	2014127	2014-11-02	02,10,12,21,23,27\12
111	2014126	2014-10-30	06,11,16,17,22,27\01
112	2014125	2014-10-28	10,11,15,26,31,32\06
113	2014124	2014-10-26	02,17,20,24,31,33\04
114	2014123	2014-10-23	01,06,11,17,28,33\05
115	2014122	2014-10-21	06,09,11,16,20,29\11
116	2014121	2014-10-19	01,02,13,22,28,30\09
117	2014120	2014-10-16	01,07,12,16,23,28\04
118	2014119	2014-10-14	06,13,17,20,26,29\09
119	2014118	2014-10-12	05,07,15,18,26,30\03
120	2014117	2014-10-09	05,10,17,25,28,29\04
121	2014116	2014-10-07	09,10,14,15,19,29\16
122	2014115	2014-10-05	01,09,10,11,13,32\03
123	2014114	2014-10-02	02,07,23,30,32,33\10
124	2014113	2014-09-30	12,14,28,31,32,33\07
125	2014112	2014-09-28	01,15,16,21,24,30\03
126	2014111	2014-09-25	02,08,17,20,22,28\02
127	2014110	2014-09-23	01,08,11,13,19,30\06
128	2014109	2014-09-21	02,05,11,15,19,28\02
129	2014108	2014-09-18	03,08,09,20,23,28\02
130	2014107	2014-09-16	11,14,17,22,25,27\16
131	2014106	2014-09-14	09,14,17,18,21,25\15
132	2014105	2014-09-11	14,16,17,19,27,32\04
133	2014104	2014-09-09	02,06,12,19,27,28\13
134	2014103	2014-09-07	03,08,09,10,18,33\04
135	2014102	2014-09-04	14,16,21,24,28,31\13
136	2014101	2014-09-02	16,18,20,23,24,32\07
137	2014100	2014-08-31	01,06,09,10,14,16\11
138	2014099	2014-08-28	01,05,10,11,13,32\14
139	2014098	2014-08-26	02,13,17,20,29,31\07
140	2014097	2014-08-24	07,13,24,25,27,32\15
141	2014096	2014-08-21	12,14,17,19,22,24\08
142	2014095	2014-08-19	05,06,08,14,22,31\08
143	2014094	2014-08-17	01,10,18,20,23,29\01
144	2014093	2014-08-14	02,08,09,10,20,29\05
145	2014092	2014-08-12	03,13,18,19,22,26\07
146	2014091	2014-08-10	01,05,12,19,27,29\14
147	2014090	2014-08-07	05,09,11,19,24,32\13
148	2014089	2014-08-05	04,06,14,17,27,30\09
149	2014088	2014-08-03	03,06,11,14,16,29\15
150	2014087	2014-07-31	06,18,22,23,32,33\06
151	2014086	2014-07-29	02,04,10,12,14,30\08
152	2014085	2014-07-27	01,02,11,19,23,29\08
153	2014084	2014-07-24	01,06,09,10,13,25\08
154	2014083	2014-07-22	05,06,19,21,23,33\12
155	2014082	2014-07-20	02,04,20,25,26,29\11
156	2014081	2014-07-17	08,14,22,24,27,29\10
157	2014080	2014-07-15	05,14,16,17,25,30\07
158	2014079	2014-07-13	02,07,16,22,27,28\02
159	2014078	2014-07-10	02,03,05,06,09,17\07
160	2014077	2014-07-08	08,09,12,15,19,22\10
161	2014076	2014-07-06	06,10,12,17,18,33\11
162	2014075	2014-07-03	03,09,11,22,27,29\06
163	2014074	2014-07-01	01,03,06,13,30,31\12
164	2014073	2014-06-29	01,12,16,20,30,33\02
165	2014072	2014-06-26	01,03,07,13,19,32\16
166	2014071	2014-06-24	02,04,12,17,22,25\14
167	2014070	2014-06-22	01,07,09,19,28,29\07
168	2014069	2014-06-19	05,12,17,19,25,30\11
169	2014068	2014-06-17	04,12,13,22,27,29\16
170	2014067	2014-06-15	01,06,07,17,18,23\06
171	2014066	2014-06-12	02,05,15,17,18,21\16
172	2014065	2014-06-10	03,04,05,08,10,22\06
173	2014064	2014-06-08	02,09,15,16,29,32\14
174	2014063	2014-06-05	03,08,17,21,22,31\16
175	2014062	2014-06-03	06,09,15,24,25,26\09
176	2014061	2014-06-01	02,14,17,27,28,31\08
177	2014060	2014-05-29	03,05,14,18,25,33\06
178	2014059	2014-05-27	05,08,12,13,23,25\13
179	2014058	2014-05-25	02,03,12,13,14,25\11
180	2014057	2014-05-22	02,04,12,18,23,31\08
181	2014056	2014-05-20	01,11,18,20,28,29\01
182	2014055	2014-05-18	02,09,14,19,21,30\04
183	2014054	2014-05-15	01,04,05,11,29,30\14
184	2014053	2014-05-13	14,17,19,22,26,31\02
185	2014052	2014-05-11	09,13,15,28,30,33\08
186	2014051	2014-05-08	10,16,19,21,23,24\13
187	2014050	2014-05-06	03,17,23,25,26,32\13
188	2014049	2014-05-04	06,07,16,17,23,32\06
189	2014048	2014-05-01	06,09,16,17,24,25\16
190	2014047	2014-04-29	08,10,11,12,19,29\15
191	2014046	2014-04-27	02,10,11,17,18,22\10
192	2014045	2014-04-24	02,04,09,11,19,22\15
193	2014044	2014-04-22	04,09,21,27,28,33\12
194	2014043	2014-04-20	02,05,09,14,24,33\09
195	2014042	2014-04-17	12,15,20,25,28,33\14
196	2014041	2014-04-15	07,11,16,18,21,22\02
197	2014040	2014-04-13	03,04,06,11,12,15\08
198	2014039	2014-04-10	03,11,15,19,20,31\07
199	2014038	2014-04-08	04,07,22,23,24,33\16
200	2014037	2014-04-06	06,13,14,24,25,30\07
201	2014036	2014-04-03	01,07,08,09,11,22\03
202	2014035	2014-04-01	07,08,09,17,32,33\06
203	2014034	2014-03-30	01,03,04,08,25,31\06
204	2014033	2014-03-27	05,13,23,28,32,33\12
205	2014032	2014-03-25	01,02,14,22,29,33\07
206	2014031	2014-03-23	04,10,16,17,21,27\14
207	2014030	2014-03-20	12,18,19,23,24,30\10
208	2014029	2014-03-18	02,07,14,16,21,29\14
209	2014028	2014-03-16	06,16,21,27,30,32\05
210	2014027	2014-03-13	08,10,14,16,30,31\01
211	2014026	2014-03-11	01,02,05,06,11,23\14
212	2014025	2014-03-09	01,05,10,14,16,30\16
213	2014024	2014-03-06	08,10,16,20,23,30\09
214	2014023	2014-03-04	07,09,13,17,21,22\10
215	2014022	2014-03-02	04,06,07,10,21,26\16
216	2014021	2014-02-27	08,10,15,17,22,29\12
217	2014020	2014-02-25	09,14,17,23,24,25\15
218	2014019	2014-02-23	02,10,15,19,20,21\07
219	2014018	2014-02-20	13,17,18,21,30,33\15
220	2014017	2014-02-18	04,06,07,14,25,26\10
221	2014016	2014-02-16	02,03,07,13,21,24\08
222	2014015	2014-02-13	02,11,19,30,32,33\09
223	2014014	2014-02-11	04,09,19,22,25,29\15
224	2014013	2014-02-09	05,09,13,15,17,21\13
225	2014012	2014-01-28	01,08,11,19,21,24\08
226	2014011	2014-01-26	09,10,13,14,21,32\02
227	2014010	2014-01-23	05,07,08,20,31,33\11
228	2014009	2014-01-21	08,09,19,20,25,32\16
229	2014008	2014-01-19	05,14,16,21,29,30\12
230	2014007	2014-01-16	08,10,12,14,18,28\14
231	2014006	2014-01-14	03,04,07,17,21,27\14
232	2014005	2014-01-12	15,18,23,27,32,33\04
233	2014004	2014-01-09	01,04,19,22,24,25\15
234	2014003	2014-01-07	06,10,11,28,30,33\12
235	2014002	2014-01-05	04,21,23,31,32,33\04
236	2014001	2014-01-02	03,09,15,20,27,29\01
237	2013154	2013-12-31	07,11,14,19,24,29\05
238	2013153	2013-12-29	08,11,13,18,28,33\10
239	2013152	2013-12-26	04,06,14,16,18,29\05
240	2013151	2013-12-24	03,09,10,19,28,33\09
241	2013150	2013-12-22	01,15,16,25,26,29\10
242	2013149	2013-12-19	09,18,25,26,30,32\11
243	2013148	2013-12-17	06,11,12,14,17,22\01
244	2013147	2013-12-15	02,15,16,17,19,30\08
245	2013146	2013-12-12	08,20,25,30,32,33\01
246	2013145	2013-12-10	06,10,13,16,23,24\15
247	2013144	2013-12-08	05,07,12,19,27,31\02
248	2013143	2013-12-05	12,18,21,22,27,32\11
249	2013142	2013-12-03	11,12,14,20,22,29\14
250	2013141	2013-12-01	03,04,05,25,30,31\04
251	2013140	2013-11-28	01,05,12,13,21,22\10
252	2013139	2013-11-26	07,08,11,13,21,27\08
253	2013138	2013-11-24	04,15,16,24,27,28\03
254	2013137	2013-11-21	04,17,19,23,24,27\10
255	2013136	2013-11-19	04,06,14,16,18,26\06
256	2013135	2013-11-17	09,23,24,25,29,31\12
257	2013134	2013-11-14	01,17,18,19,25,29\10
258	2013133	2013-11-12	04,07,12,19,22,25\01
259	2013132	2013-11-10	20,21,22,23,25,27\12
260	2013131	2013-11-07	04,06,12,17,19,26\09
261	2013130	2013-11-05	01,03,15,16,31,33\08
262	2013129	2013-11-03	05,06,10,14,27,31\14
263	2013128	2013-10-31	07,13,17,19,25,31\08
264	2013127	2013-10-29	02,03,13,20,22,33\14
265	2013126	2013-10-27	04,10,19,27,31,33\16
266	2013125	2013-10-24	04,06,08,18,25,28\16
267	2013124	2013-10-22	03,09,15,23,25,30\07
268	2013123	2013-10-20	01,02,06,11,17,25\02
269	2013122	2013-10-17	07,10,13,15,26,27\11
270	2013121	2013-10-15	04,05,06,07,25,27\07
271	2013120	2013-10-13	05,06,13,18,23,31\11
272	2013119	2013-10-10	05,15,20,22,26,32\09
273	2013118	2013-10-08	02,03,17,22,32,33\16
274	2013117	2013-10-06	09,12,13,24,27,33\16
275	2013116	2013-10-03	12,15,21,26,32,33\07
276	2013115	2013-10-01	03,12,16,17,18,27\08
277	2013114	2013-09-29	04,06,17,21,23,33\07
278	2013113	2013-09-26	04,07,11,17,24,33\09
279	2013112	2013-09-24	01,06,12,13,22,31\07
280	2013111	2013-09-22	01,02,03,06,08,33\13
281	2013110	2013-09-19	15,17,18,21,29,32\13
282	2013109	2013-09-17	09,23,24,27,29,32\08
283	2013108	2013-09-15	16,21,22,28,31,32\05
284	2013107	2013-09-12	07,09,11,17,28,31\11
285	2013106	2013-09-10	09,11,23,30,31,32\06
286	2013105	2013-09-08	01,11,23,27,31,32\09
287	2013104	2013-09-05	01,02,04,15,17,28\11
288	2013103	2013-09-03	02,04,09,13,18,20\07
289	2013102	2013-09-01	02,04,05,06,08,16\03
290	2013101	2013-08-29	05,07,09,23,27,32\01
291	2013100	2013-08-27	04,08,11,14,16,20\11
292	2013099	2013-08-25	05,11,20,21,26,31\03
293	2013098	2013-08-22	07,15,18,19,20,26\14
294	2013097	2013-08-20	05,14,17,22,23,25\07
295	2013096	2013-08-18	01,02,22,28,29,30\15
296	2013095	2013-08-15	01,06,15,19,28,29\10
297	2013094	2013-08-13	02,04,14,18,20,22\07
298	2013093	2013-08-11	01,02,08,26,29,31\14
299	2013092	2013-08-08	07,11,15,21,26,31\06
300	2013091	2013-08-06	04,14,24,25,28,31\10
301	2013090	2013-08-04	02,05,11,23,24,29\08
302	2013089	2013-08-01	04,08,12,19,21,25\13
303	2013088	2013-07-30	09,15,20,21,22,24\14
304	2013087	2013-07-28	02,13,19,23,24,28\05
305	2013086	2013-07-25	02,04,11,13,16,26\11
306	2013085	2013-07-23	02,08,12,14,16,32\16
307	2013084	2013-07-21	05,07,09,11,20,21\03
308	2013083	2013-07-18	05,06,12,14,19,23\09
309	2013082	2013-07-16	04,13,14,20,22,30\06
310	2013081	2013-07-14	01,04,10,13,21,31\13
311	2013080	2013-07-11	10,11,12,23,28,32\16
312	2013079	2013-07-09	07,13,17,19,22,26\13
313	2013078	2013-07-07	03,05,17,18,26,27\15
314	2013077	2013-07-04	09,14,23,24,26,29\03
315	2013076	2013-07-02	14,23,24,26,29,30\03
316	2013075	2013-06-30	04,06,09,25,30,33\14
317	2013074	2013-06-27	03,06,08,14,19,32\03
318	2013073	2013-06-25	02,09,13,17,20,28\11
319	2013072	2013-06-23	02,08,11,14,19,33\09
320	2013071	2013-06-20	05,12,21,23,26,28\09
321	2013070	2013-06-18	02,03,09,10,28,30\06
322	2013069	2013-06-16	07,16,17,18,30,33\06
323	2013068	2013-06-13	02,07,13,20,25,27\06
324	2013067	2013-06-11	01,04,09,15,22,30\06
325	2013066	2013-06-09	01,03,16,17,20,32\07
326	2013065	2013-06-06	07,18,19,23,29,30\02
327	2013064	2013-06-04	01,09,13,22,25,32\12
328	2013063	2013-06-02	10,15,18,20,23,31\12
329	2013062	2013-05-30	01,06,07,19,22,27\02
330	2013061	2013-05-28	05,06,07,12,13,18\12
331	2013060	2013-05-26	05,07,10,13,19,20\15
332	2013059	2013-05-23	03,10,18,24,27,29\09
333	2013058	2013-05-21	08,11,17,21,23,24\05
334	2013057	2013-05-19	13,16,19,23,26,28\05
335	2013056	2013-05-16	03,12,25,26,28,29\16
336	2013055	2013-05-14	08,18,19,22,27,32\06
337	2013054	2013-05-12	03,04,08,14,21,28\14
338	2013053	2013-05-09	03,12,13,22,30,33\14
339	2013052	2013-05-07	06,07,14,21,22,24\13
340	2013051	2013-05-05	08,12,15,19,28,29\02
341	2013050	2013-05-02	03,07,13,18,22,25\03
342	2013049	2013-04-30	10,13,14,16,21,32\14
343	2013048	2013-04-28	10,13,17,28,30,32\04
344	2013047	2013-04-25	01,08,11,17,27,30\12
345	2013046	2013-04-23	03,16,19,20,24,26\06
346	2013045	2013-04-21	06,07,08,14,23,31\12
347	2013044	2013-04-18	03,05,11,18,26,28\06
348	2013043	2013-04-16	03,06,14,15,17,25\16
349	2013042	2013-04-14	01,08,12,13,15,33\03
350	2013041	2013-04-11	02,10,12,17,23,24\05
351	2013040	2013-04-09	02,04,10,12,17,30\10
352	2013039	2013-04-07	01,02,14,15,24,29\06
353	2013038	2013-04-04	09,10,12,14,15,19\11
354	2013037	2013-04-02	02,15,18,27,28,32\14
355	2013036	2013-03-31	04,05,09,27,29,31\13
356	2013035	2013-03-28	01,14,15,17,26,30\02
357	2013034	2013-03-26	06,15,20,22,26,33\09
358	2013033	2013-03-24	05,06,13,17,19,28\01
359	2013032	2013-03-21	04,21,25,29,30,33\03
360	2013031	2013-03-19	03,13,14,15,21,33\03
361	2013030	2013-03-17	07,14,18,25,26,29\06
362	2013029	2013-03-14	06,07,10,19,23,29\12
363	2013028	2013-03-12	07,08,14,25,26,28\13
364	2013027	2013-03-10	01,02,04,12,21,24\12
365	2013026	2013-03-07	04,11,14,15,22,31\11
366	2013025	2013-03-05	16,17,18,24,25,30\08
367	2013024	2013-03-03	04,05,13,23,27,30\09
368	2013023	2013-02-28	03,06,15,18,30,32\05
369	2013022	2013-02-26	02,04,07,09,15,20\07
370	2013021	2013-02-24	01,06,17,19,26,31\11
371	2013020	2013-02-21	01,07,08,12,16,21\01
372	2013019	2013-02-19	01,02,05,16,20,26\06
373	2013018	2013-02-17	02,08,13,28,29,30\05
374	2013017	2013-02-07	04,06,12,30,31,32\09
375	2013016	2013-02-05	02,05,06,12,14,28\05
376	2013015	2013-02-03	05,06,07,11,13,18\15
377	2013014	2013-01-31	02,04,05,17,19,20\08
378	2013013	2013-01-29	05,06,13,19,22,28\09
379	2013012	2013-01-27	06,14,17,22,28,29\02
380	2013011	2013-01-24	03,12,17,24,27,29\09
381	2013010	2013-01-22	01,09,11,17,32,33\12
382	2013009	2013-01-20	01,04,09,13,16,23\02
383	2013008	2013-01-17	03,08,17,21,25,32\15
384	2013007	2013-01-15	02,09,15,22,26,32\01
385	2013006	2013-01-13	09,10,13,17,22,30\13
386	2013005	2013-01-10	01,13,14,25,31,32\12
387	2013004	2013-01-08	06,10,16,20,27,32\08
388	2013003	2013-01-06	22,23,26,27,28,33\09
389	2013002	2013-01-03	01,16,18,22,28,30\12
390	2013001	2013-01-01	06,08,14,15,24,25\06
391	2012154	2012-12-30	05,07,12,16,28,32\04
392	2012153	2012-12-27	04,05,11,21,27,28\10
393	2012152	2012-12-25	10,12,18,22,28,29\07
394	2012151	2012-12-23	05,14,24,25,26,32\01
395	2012150	2012-12-20	09,11,17,23,24,26\07
396	2012149	2012-12-18	01,05,13,25,26,32\13
397	2012148	2012-12-16	03,06,11,17,21,31\07
398	2012147	2012-12-13	02,12,15,23,24,32\09
399	2012146	2012-12-11	01,05,07,13,29,32\13
400	2012145	2012-12-09	05,20,26,27,28,33\03
401	2012144	2012-12-06	03,10,12,13,27,30\04
402	2012143	2012-12-04	07,08,18,25,30,32\06
403	2012142	2012-12-02	05,18,22,28,29,31\06
404	2012141	2012-11-29	03,05,08,19,20,27\09
405	2012140	2012-11-27	14,18,27,30,31,33\15
406	2012139	2012-11-25	08,19,21,24,28,31\15
407	2012138	2012-11-22	01,07,16,17,19,21\14
408	2012137	2012-11-20	01,02,04,06,13,17\07
409	2012136	2012-11-18	02,07,08,17,21,28\11
410	2012135	2012-11-15	02,05,07,08,11,17\16
411	2012134	2012-11-13	02,05,06,07,13,23\15
412	2012133	2012-11-11	01,08,11,20,21,29\02
413	2012132	2012-11-08	07,12,16,17,21,25\10
414	2012131	2012-11-06	06,18,19,26,28,32\12
415	2012130	2012-11-04	01,03,15,20,22,31\03
416	2012129	2012-11-01	01,07,09,17,21,29\01
417	2012128	2012-10-30	05,09,12,29,30,31\05
418	2012127	2012-10-28	01,09,11,21,26,32\08
419	2012126	2012-10-25	03,05,12,15,23,24\07
420	2012125	2012-10-23	08,12,13,26,29,33\01
421	2012124	2012-10-21	06,07,21,25,27,33\11
422	2012123	2012-10-18	08,10,16,25,28,33\09
423	2012122	2012-10-16	12,13,19,22,28,29\11
424	2012121	2012-10-14	01,07,08,20,23,24\11
425	2012120	2012-10-11	01,04,20,24,28,29\16
426	2012119	2012-10-09	12,20,25,26,27,28\13
427	2012118	2012-10-07	05,06,07,12,15,28\11
428	2012117	2012-10-04	13,15,18,20,24,28\09
429	2012116	2012-10-02	03,21,26,29,31,32\03
430	2012115	2012-09-30	03,08,20,24,26,32\14
431	2012114	2012-09-27	01,06,11,26,27,29\15
432	2012113	2012-09-25	03,06,09,13,18,32\06
433	2012112	2012-09-23	08,15,20,21,27,31\06
434	2012111	2012-09-20	02,09,10,20,22,31\13
435	2012110	2012-09-18	03,07,10,13,22,32\09
436	2012109	2012-09-16	02,12,24,26,29,31\03
437	2012108	2012-09-13	01,09,12,13,19,28\13
438	2012107	2012-09-11	11,12,15,24,25,31\09
439	2012106	2012-09-09	13,14,20,22,23,32\16
440	2012105	2012-09-06	06,13,14,15,17,30\04
441	2012104	2012-09-04	04,05,09,10,19,28\03
442	2012103	2012-09-02	04,09,11,14,32,33\02
443	2012102	2012-08-30	13,25,27,28,29,30\15
444	2012101	2012-08-28	09,12,17,18,20,33\02
445	2012100	2012-08-26	05,07,15,18,25,33\10
446	2012099	2012-08-23	08,12,15,16,21,27\16
447	2012098	2012-08-21	02,12,19,26,29,31\09
448	2012097	2012-08-19	05,08,13,14,19,22\06
449	2012096	2012-08-16	04,07,11,16,29,33\07
450	2012095	2012-08-14	17,24,27,28,29,30\02
451	2012094	2012-08-12	06,09,14,16,23,33\15
452	2012093	2012-08-09	03,05,19,21,24,33\13
453	2012092	2012-08-07	06,13,17,18,28,32\03
454	2012091	2012-08-05	01,05,07,08,19,21\16
455	2012090	2012-08-02	02,13,20,25,29,30\11
456	2012089	2012-07-31	03,07,10,13,14,25\11
457	2012088	2012-07-29	03,05,23,24,27,31\15
458	2012087	2012-07-26	03,10,11,13,14,22\09
459	2012086	2012-07-24	08,09,13,15,22,23\08
460	2012085	2012-07-22	05,17,24,30,31,33\05
461	2012084	2012-07-19	02,10,20,26,28,29\14
462	2012083	2012-07-17	04,09,14,15,26,33\04
463	2012082	2012-07-15	02,04,11,18,22,29\06
464	2012081	2012-07-12	02,05,10,24,25,29\06
465	2012080	2012-07-10	04,09,14,15,16,27\03
466	2012079	2012-07-08	06,07,12,24,30,33\12
467	2012078	2012-07-05	08,15,22,24,28,33\12
468	2012077	2012-07-03	02,04,13,18,26,28\12
469	2012076	2012-07-01	11,18,22,27,29,30\15
470	2012075	2012-06-28	04,06,22,23,29,32\11
471	2012074	2012-06-26	15,16,18,19,28,32\08
472	2012073	2012-06-24	04,07,09,10,17,27\05
473	2012072	2012-06-21	02,03,07,09,13,30\06
474	2012071	2012-06-19	03,04,19,21,22,23\08
475	2012070	2012-06-17	02,03,04,24,31,32\11
476	2012069	2012-06-14	08,10,11,18,20,29\06
477	2012068	2012-06-12	05,17,22,26,32,33\10
478	2012067	2012-06-10	04,05,10,21,26,30\16
479	2012066	2012-06-07	01,02,09,26,29,33\12
480	2012065	2012-06-05	08,10,18,19,27,31\14
481	2012064	2012-06-03	05,10,11,16,23,24\11
482	2012063	2012-05-31	02,10,17,19,24,27\12
483	2012062	2012-05-29	02,13,16,17,20,31\07
484	2012061	2012-05-27	03,08,11,12,14,18\14
485	2012060	2012-05-24	07,10,13,16,17,29\01
486	2012059	2012-05-22	04,13,21,22,26,31\01
487	2012058	2012-05-20	03,06,15,20,25,26\04
488	2012057	2012-05-17	03,05,19,21,27,31\04
489	2012056	2012-05-15	04,07,14,17,26,31\10
490	2012055	2012-05-13	04,06,13,20,24,28\01
491	2012054	2012-05-10	06,14,18,20,30,33\14
492	2012053	2012-05-08	04,15,22,25,27,33\04
493	2012052	2012-05-06	02,03,05,06,20,24\04
494	2012051	2012-05-03	02,12,14,17,30,31\09
495	2012050	2012-05-01	07,13,15,17,19,24\11
496	2012049	2012-04-29	04,12,13,19,20,32\02
497	2012048	2012-04-26	01,05,14,22,24,30\10
498	2012047	2012-04-24	06,07,11,16,32,33\11
499	2012046	2012-04-22	04,12,19,20,23,33\06
500	2012045	2012-04-19	08,11,20,21,27,30\09
501	2012044	2012-04-17	06,09,10,14,22,25\03
502	2012043	2012-04-15	02,09,11,21,26,33\03
503	2012042	2012-04-12	05,06,11,19,24,28\16
504	2012041	2012-04-10	08,11,15,20,24,32\02
505	2012040	2012-04-08	03,08,09,22,25,31\10
506	2012039	2012-04-05	01,02,05,13,22,29\08
507	2012038	2012-04-03	09,10,11,15,19,33\16
508	2012037	2012-04-01	05,14,19,24,28,33\09
509	2012036	2012-03-29	02,11,13,18,19,26\09
510	2012035	2012-03-27	09,11,12,21,24,26\05
511	2012034	2012-03-25	02,03,08,23,32,33\16
512	2012033	2012-03-22	02,03,15,16,17,27\04
513	2012032	2012-03-20	01,02,10,17,22,24\04
514	2012031	2012-03-18	04,16,22,24,27,31\03
515	2012030	2012-03-15	09,10,17,18,21,31\08
516	2012029	2012-03-13	04,07,15,25,26,28\03
517	2012028	2012-03-11	10,15,20,21,28,30\11
518	2012027	2012-03-08	04,16,22,25,30,31\12
519	2012026	2012-03-06	03,07,09,15,24,25\16
520	2012025	2012-03-04	03,08,09,17,25,27\06
521	2012024	2012-03-01	04,12,19,21,25,28\13
522	2012023	2012-02-28	05,09,15,23,24,33\02
523	2012022	2012-02-26	04,08,12,24,26,27\04
524	2012021	2012-02-23	01,15,16,18,22,30\03
525	2012020	2012-02-21	03,08,12,18,23,29\11
526	2012019	2012-02-19	07,14,18,20,22,30\16
527	2012018	2012-02-16	03,05,06,22,26,32\15
528	2012017	2012-02-14	06,09,14,19,25,28\10
529	2012016	2012-02-12	02,05,12,17,22,25\08
530	2012015	2012-02-09	01,03,06,10,21,23\15
531	2012014	2012-02-07	01,02,05,16,28,30\12
532	2012013	2012-02-05	06,08,24,29,30,32\13
533	2012012	2012-02-02	15,17,18,20,23,27\01
534	2012011	2012-01-31	04,14,15,16,20,26\05
535	2012010	2012-01-29	01,03,13,19,25,26\10
536	2012009	2012-01-19	04,16,24,26,27,33\11
537	2012008	2012-01-17	01,12,20,23,24,29\08
538	2012007	2012-01-15	10,17,19,27,28,32\04
539	2012006	2012-01-12	02,22,25,29,32,33\08
540	2012005	2012-01-10	07,09,18,27,31,33\06
541	2012004	2012-01-08	01,05,10,11,21,23\16
542	2012003	2012-01-05	03,06,08,24,29,31\09
543	2012002	2012-01-03	02,03,07,09,10,32\13
544	2012001	2012-01-01	01,04,05,09,15,17\06
